{leg_left_1_joint: 0.0, leg_left_2_joint: -0.013744896206368427, leg_left_3_joint: -0.019587835752816352,
  leg_left_4_joint: 0.0, leg_left_5_joint: 0.017379989108226523, leg_left_6_joint: 0.021335173195333856,
  leg_right_1_joint: 0.0, leg_right_2_joint: -0.013744896206368427, leg_right_3_joint: -0.019587835752816352,
  leg_right_4_joint: 0.0, leg_right_5_joint: 0.02179568239740618, leg_right_6_joint: 0.012978677416071465}
