{leg_left_1_joint: 0.0, leg_left_2_joint: -0.004349850530396477, leg_left_3_joint: -0.02450394593771094,
  leg_left_4_joint: 0.0, leg_left_5_joint: 0.022705403096746096, leg_left_6_joint: 0.011427034806208974,
  leg_right_1_joint: 0.0, leg_right_2_joint: -0.004349850530396477, leg_right_3_joint: -0.02450394593771094,
  leg_right_4_joint: 0.0, leg_right_5_joint: 0.026302488778675782, leg_right_6_joint: 0.005913731621037103}
