{leg_left_1_joint: 0.0, leg_left_2_joint: -0.01020865572279723, leg_left_3_joint: -0.05758404462002641,
  leg_left_4_joint: 0.0, leg_left_5_joint: 0.05922924786310778, leg_left_6_joint: 0.01595601924646576,
  leg_right_1_joint: 0.0, leg_right_2_joint: -0.01020865572279723, leg_right_3_joint: -0.05758404462002641,
  leg_right_4_joint: 0.0, leg_right_5_joint: 0.05593884137694505, leg_right_6_joint: 0.008005548225255048}
